robotSettings:
  refPoint1: [-0.09295, -0.42590, 0, 3.14, 0, 0]
  refPoint2: [0.32133, -0.24458, 0, 3.14, 0, 0]
  refPoint3: [0.32133, -0.24458, 0, 3.14, 0, 0]
  basePos: [0.03639, -0.23713, 0.43206, 3.14, 0, 0]
  testPos: [1, 1, 1, 1, 1]
  robotIp: "192.168.1.94"

cvSetteings: